-0.193749 -0.940937 -0.0947952 0.0204734 -0.0346004 -0.0028416 -0.062262 0.00108516 0 0.0647839 0.0213981 -0.00249643 -0.0418881 -0.00756533 0.0121157 -0.0162098 -0.0166257 -0.00466058 -0.0203749 -0.0281106 0 0 0 0 0 0.0370853 0.0203803 0.00846275 0.00910943 -0.0164839 0.0723601 -0.0685076 0.108457 0.00668304 
-0.00522423 0.0657818 0.0991565 -0.456338 -0.800475 -0.0463648 0.0226188 0.00621947 0 -0.118038 0.0529139 -0.0181214 0.0154194 -0.0265002 0.030099 -0.0402601 -0.0366779 0.0335573 -0.0997506 -0.103535 0 0 0 0 0 -0.0437158 -0.0189321 0.0988446 0.0133494 -0.00666591 0.194197 -0.0941084 0.0388039 0.0110378 
-0.0291861 0.115081 -0.314742 0.77626 -0.399523 -0.0387728 0.0471532 0.0581754 0 0.114986 0.021158 -0.0762674 0.00071755 0.0358384 -0.0078799 0.0105366 -0.0764015 0.114087 0.0110872 -0.130613 0 0 0 0 0 0.00172383 -0.121472 -0.0563435 -0.0228686 -0.0217422 0.0985094 -0.0415475 -0.0247166 0.0507107 
0.00929125 0.0547692 0.0337238 -0.053367 0.237057 -0.823155 0.0586735 -0.00580804 0 -0.0413232 0.174745 -0.0611675 0.0105918 0.0324127 0.0782622 -0.104693 -0.203148 0.144593 -0.0653038 -0.110474 0 0 0 0 0 -0.0411011 0.0454936 -0.170148 0.0210403 -0.0302875 0.212766 -0.105345 0.055158 0.0225851 
0.0112534 0.0582844 0.00761348 -0.00197954 0.00392975 0.000530435 0.00987312 -0.000128556 0.371748 -0.0100188 0.00479332 -0.00041841 0.261941 0.00689062 -0.492237 -0.346419 0.0140446 0.00542782 0.0263442 0.0490239 0 0 0 0 0 0.541108 0.0682902 0.0255433 0.0105177 -0.000168459 -0.0312812 0.120581 0.284145 0.0103567 
0.012156 0.0633921 0.00860856 -0.00234645 0.00492599 0.000882684 0.0172978 0 0.601501 -0.0310977 -0.0335026 0.00425759 -0.555101 -0.00234805 0.300033 0.219693 -0.00139635 -0.000244752 0.00107982 0.004953 0 0 0 0 0 -0.0130369 -0.00708347 -0.00425949 -0.00564402 0.0175376 -0.10077 0.200739 0.322988 0.0615915 
0.012156 0.0633921 0.00860856 -0.00234645 0.00492599 0.000882684 0.0172978 0 -0.601501 -0.0310977 -0.0335026 0.00425759 -0.555101 -0.00234832 -0.29552 -0.225725 -0.00134697 -0.000237724 0.00107268 0.00494914 0 0 0 0 0 -0.0130667 -0.00709351 -0.00425788 -0.00563194 0.0175285 -0.100787 0.20074 0.323045 0.0650567 
0.0154823 0.0540182 0.0297119 -0.0413758 0.172818 0.303997 -0.0263194 -0.0256748 0 -0.0148332 -0.465853 0.328451 0.0514453 0.0652705 0.181077 -0.242229 -0.439474 0.291838 -0.139505 -0.247037 0 0 0 0 0 -0.0228875 -0.0348125 -0.0527417 0.00883464 -0.0279415 0.201212 -0.100607 0.0522776 -0.0518192 
0.0799336 0.059537 -0.0496652 -0.188449 0.063095 0.008306 0.10275 -0.0338339 0 0.80705 -0.0348276 -0.028739 -0.0215271 -0.214844 -0.0316741 0.0424024 0.324405 0.234348 -0.0809846 -0.163841 0 0 0 0 0 0.00795355 -0.0286625 0.000556247 -0.0407717 0.0536945 0.045948 -0.0144531 -0.052153 0.0198938 
0.0602766 -0.0210501 0.0245284 -0.081302 0.0416285 0.000639186 0 -0.0116125 0 -0.0353129 -0.0161776 0.0405441 -0.00100304 -0.0360265 0.0223606 -0.0299063 0.0310727 -0.0933856 -0.00885518 0.344235 0 0 0 0 0 0.0939737 -0.847305 -0.263524 -0.0776223 0.0633451 0.0898895 -0.0112891 -0.0931117 0.0040509 
0.0112534 0.0582844 0.00761348 -0.00197954 0.00392975 0.000530435 0.00987312 -0.000128499 -0.371748 -0.0100188 0.00479332 -0.00041841 0.261941 0.00689105 0.471388 0.374284 0.0139647 0.00541018 0.0263547 0.0490249 0 0 0 0 0 0.541157 0.0683016 0.0255461 0.0104968 -0.000161739 -0.0312413 0.120572 0.284063 0.0131614 
0.0113061 0.0586025 0.0076943 -0.00201632 0.00404384 0.00059115 0.011222 -0.000110035 0 -0.0148304 -0.00594235 0.000830355 0.0124533 0.00306083 -0.00499231 0.00669151 0.00721758 0.00240317 0.011826 0.0192565 0 0 0 0 0 -0.0378992 -0.0245462 -0.0128937 -0.0163434 0.0648332 -0.57052 -0.76816 0.209422 0.0334823 
0.0114309 0.0588571 0.00539203 0.00374098 -0.0259248 0.165317 0.000845815 0.00114642 0 -0.00687178 -0.0759843 0.0257934 0.0137155 -0.0179298 -0.065782 0.0879979 0.176304 -0.138418 0.11531 0.284977 0 0 0 0 0 -0.124553 0.378872 -0.679819 0.077195 -0.062744 0.326637 -0.159541 0.108267 0.018039 
0.088481 0.0417634 0.0287973 -0.0398625 0.19293 0.438329 -0.0129508 -0.0392352 0 -0.0657273 0.694342 -0.350678 -0.0210579 0.0331934 0.0554808 -0.0742197 -0.167848 0.13556 -0.079215 -0.163263 0 0 0 0 0 -0.0138327 -0.0315497 -0.0383421 0.00405007 -0.00271293 0.1441 -0.0692871 0.0137936 0.0798107 
0.054807 -0.0084678 -0.0820515 -0.0296296 -0.000769723 -0.00370569 0.0334556 0.0102878 0 -0.0155107 -0.0139801 -0.0126343 0.00089945 -0.0231469 0.0151519 -0.0202806 -0.0991872 -0.0412502 0.0211482 0.0953549 -0.311368 -0.0462637 0.232655 0.458566 -0.660681 -0.00339156 0.119442 0.0201129 -0.199316 0.217628 -0.0621003 0.0597152 -0.163917 0.0351571 
0.054807 -0.0084678 -0.0820515 -0.0296296 -0.000769723 -0.00370569 0.0334556 0.0102878 0 -0.0155107 -0.0139801 -0.0126343 0.00089945 -0.0231469 0.0151519 -0.0202806 -0.0991872 -0.0412502 0.0211482 0.0953549 0.0380171 -0.757703 -0.409426 -0.236515 0.0295214 -0.00339153 0.119442 0.0201128 -0.199316 0.217628 -0.0621004 0.0597152 -0.163917 0.0351543 
-0.00150663 -0.00840227 -0.00165564 0.000596368 -0.00147335 -0.000310647 -0.00770849 -0.000292886 0 0.018993 0.0269834 -0.00285467 0.487881 0.00233911 -0.00248369 0.00336494 0.00254345 0 -0.00535961 -0.0178384 0 0 0 0 0 -0.59133 -0.0967117 -0.0392135 -0.0277659 0.0475674 -0.228604 0.367872 0.422562 -0.00802298 
0.0123305 0.0581252 -0.000395852 0.048938 0.107512 0.00985384 0.00863924 -0.00174192 0 0.0159159 -0.0286919 0.00870539 0.0114861 0.0234723 -0.03093 0.0413724 0.0440411 -0.0278786 0.160137 0.269752 -0.493606 -0.089794 0.332817 -0.354029 0.110391 -0.126348 0.00636574 0.449346 0.0581497 -0.0316876 0.303865 -0.150163 0.100327 0.0162923 
0.054807 -0.0084678 -0.0820515 -0.0296296 -0.000769723 -0.00370569 0.0334556 0.0102878 0 -0.0155107 -0.0139801 -0.0126343 0.00089945 -0.0231469 0.0151519 -0.0202806 -0.0991872 -0.0412502 0.0211482 0.0953549 -0.137535 0.623976 -0.443779 -0.422987 -0.126019 -0.00339156 0.119442 0.0201129 -0.199316 0.217628 -0.0621002 0.0597151 -0.163917 0.0351573 
0.0754757 0.0479051 -0.00405745 0.061478 0.112041 0.00338048 0.0244627 0.000151826 0 0.0206295 -0.0599158 0.0306817 0.0214535 0.0386964 -0.0528308 0.0706578 0.0654495 -0.738797 -0.493624 -0.327879 0 0 0 0 0 -0.0018568 -0.0206799 0.0813583 0.0110948 0.0248057 0.130938 -0.0646742 0.0135798 0.0245768 
0.054807 -0.0084678 -0.0820515 -0.0296296 -0.000769723 -0.00370569 0.0334556 0.0102878 0 -0.0155107 -0.0139801 -0.0126343 0.00089945 -0.0231469 0.0151519 -0.0202806 -0.0991872 -0.0412502 0.0211482 0.0953549 -0.18888 0.122209 0.0211147 0.477296 0.721895 -0.00339153 0.119442 0.0201128 -0.199316 0.217628 -0.0621003 0.0597152 -0.163917 0.0351546 
0.0123305 0.0581252 -0.000395852 0.048938 0.107512 0.00985384 0.00863924 -0.00174192 0 0.0159159 -0.0286919 0.00870539 0.0114861 0.0234723 -0.03093 0.0413724 0.0440411 -0.0278786 0.160137 0.269753 0.493606 0.0897939 -0.332817 0.354029 -0.110391 -0.126348 0.00636574 0.449346 0.0581497 -0.0316876 0.303865 -0.150163 0.100327 0.01629 
0.054807 -0.0084678 -0.0820515 -0.0296296 -0.000769723 -0.00370569 0.0334556 0.0102878 0 -0.0155107 -0.0139801 -0.0126343 0.00089945 -0.0231469 0.0151519 -0.0202806 -0.0991872 -0.0412502 0.0211482 0.0953549 0.599766 0.0577825 0.599435 -0.27636 0.0352836 -0.00339155 0.119442 0.0201129 -0.199316 0.217628 -0.0621003 0.0597152 -0.163917 0.0351563 
0.0588826 -0.00756248 -0.108569 -0.0219152 -0.0154167 -0.0242403 -0.0461332 -0.748965 0 -0.0562764 -0.085971 -0.0848665 -0.000692711 0.496684 -0.0039135 0.00527339 0.197328 0.112621 -0.114817 0.0497026 0 0 0 0 0 -0.00603833 0.0285739 0.0102692 0.0671466 -0.128012 -0.0995185 0.0597533 -0.15447 -0.704491 
-0.0093742 -0.00347062 0.00583398 0.0180086 -0.00903573 0.00893399 0.213966 -0.216028 0 -0.00958691 0.197674 0.372894 -0.00307487 -0.40877 -0.184984 0.24739 -0.266901 -0.0179618 -0.073688 0.115579 0 0 0 0 0 -0.011446 0.0467328 0.0277475 -0.0469324 -0.539167 -0.152294 0.0662804 -0.152968 -0.173304 
-0.0089201 -0.00468587 0.0218601 0.00614596 0.00403771 0.0190089 0.205732 0.273404 0 0.00293695 -0.108119 -0.259451 0.0146516 0.0245733 0.371677 -0.4971 0.182428 -0.0993738 -0.0485863 0.149107 0 0 0 0 0 -0.0114668 0.0752643 0.0373276 -0.0176825 -0.503849 -0.165123 0.0734321 -0.160799 0.246209 
0.0550906 -0.0128615 0.00450082 0.00979958 -0.0101545 -0.00801891 -0.00773837 -0.0857564 0 -0.00268314 -0.124316 -0.221013 0.00729298 -0.303988 0.0211301 -0.0282763 -0.179465 -0.068508 0.0705021 0.0306006 0 0 0 0 0 0.00204858 0.00574124 -0.00137784 0.805888 0.217839 -0.137807 0.0892861 -0.187811 -0.0905984 
0.0653022 -0.0234297 0.040835 -0.104222 0.0602882 0.00616382 -0.0667254 0.391946 0 -0.038715 -0.263975 -0.388352 0.00480237 0.267821 -0.351782 0.4705 -0.143147 0.192388 -0.145205 -0.00130978 0 0 0 0 0 -0.00775354 -0.0327201 -0.0109792 -0.00435101 -0.226707 -0.0604168 0.0363698 -0.128868 0.35909 
0.0586094 -0.0280157 0.0388397 -0.0858396 0.0483621 0.0156524 0.253089 -0.0315372 0 -0.0745006 -0.0636411 0.00345128 0.00943718 0.102047 -0.0505242 0.0675715 0.0508298 -0.197634 0.731894 -0.499265 0 0 0 0 0 0.00905422 -0.114535 -0.044036 -0.0532471 -0.0932595 0.00934927 0.00774667 -0.0954811 -0.0188204 
0.0544987 -0.0082006 -0.0885 -0.0364396 0.00339059 0.00455941 0.0818911 0.377761 0 0.00473714 0.299768 0.571724 -0.0173118 0.430753 -0.0055892 0.00750917 0.184426 0.087784 -0.0486171 0.0226863 0 0 0 0 0 -0.00261694 0.0255699 0.00503645 0.330925 0.0917073 -0.101482 0.0690007 -0.16958 0.458826 
0.0572761 -0.0193642 -0.104922 0.0550087 0.126566 0.00656128 0.0104469 0.0315909 0 -0.537507 -0.093535 0.0322708 0.0288474 -0.391273 -0.0354884 0.0475288 0.541214 0.314051 -0.156821 -0.207253 0 0 0 0 0 -0.0175344 -0.011807 0.0458711 -0.0451005 0.0772426 0.0641405 -0.0139212 -0.0749278 -0.0245136 
0.0855124 0.0768526 -0.123006 -0.0452868 -0.00389287 -0.0593984 -0.890225 0.0545721 0 0.0578671 0.0590497 0.0963162 -0.0145837 -0.100849 0.0489141 -0.065423 0.026143 -0.0928891 0.176111 -0.0880585 0 0 0 0 0 0.00607452 0.0120848 0.00744933 -0.0429002 -0.209118 -0.0604123 0.0282352 -0.0995365 0.151704 
0.0590753 -0.0743477 0.889548 0.31514 -0.0694599 -0.0171524 -0.104464 -0.0381251 0 0.0479394 0.0156496 0.0561341 -0.0024572 0.0183329 0.00208897 -0.00280725 0.0840672 0.0606453 -0.0119629 -0.00802454 0 0 0 0 0 -0.00251869 0.0467305 0.0107566 -0.0736853 0.0960183 -0.0359895 0.0383053 -0.135058 -0.0959695 
-0.943479 0.201843 0.037482 -0.051009 0.0755001 0.0356319 -0.0466263 -0.0075377 0 0.00430705 0.0206808 -0.0244969 0 0.0166148 -0.0225371 0.0301467 0.0381214 -0.0186562 -0.00416337 -0.0373197 0 0 0 0 0 0.00307228 -0.0258297 -0.00636505 -0.00638454 0.0658292 -0.0195103 0.0283629 -0.115003 0.0483452 
